Scan Number
5453
6968
7567
8090
5358
5589
5540
7141
7182
8600
6985
6497
7421
7707
4863
9627
5330
8601
9970
4711
4842
8616
7499
4709
6435
5559
7524
7414
7883
8374
4579
6673
4200
4685
6636
7761
8537
6175
8138
6650
6648
8085
6006
9604
9823
6145
4145
7940
6260
6912
5729
4016
3835
7790
5577
5513
5451
8666
7652
9837
3864
9853
9581
5298
9263
7645
4373
5543
3826
8649
8097
6510
4023
8949
4597
5347
8632
4683
8479
6794
5241
8634
8129
4492
6441
3757
8855
7708
8687
7079
6220
7538
6258
6482
7961
8301
5910
8536
5809
6747
5124
5574
5435
4544
4022
7390
4772
5499
3990
4606
5044
7046
3982
8799
9318
4866
6500
8854
4377
7760
9971
6258
5638
7543
5856
7882
5286
4829
8825
8680
4318
8651
6910
8801
8620
8473
4693
6983
8466
7119
7757
5356
4726
6235
6433
4165
7613
5430
4684
6849
8297
5604
6518
5626
9506
6974
4162
6863
7475
5588
8895
4953
7643
4966
3979
3612
8553
4510
7647
9302
6438
6128
4071
5668
4690
5323
7868
5786
8713
5772
7127
5132
6856
8710
7684
7291
4596
4706
6449
6597
8118
4153
8160
7603
6475
9322
4376
4192
3811
5702
7602
4653
7474
6984
7554
8794
7069
8952
9211
7472
7745
4841
7654
4839
4893
9330
4549
4086
4244
5380
4932
4522
7513
8379
6122
9766
7551
8524
9272
5776
6322
5387
6944
8182
3809
7649
6961
7744
6924
8439
4370
7676
6865
5915
5575
5065
8462
8712
5847
6169
4010
9296
6193
5516
6947
5487
8633
8862
5446
4691
5100
8429
6444
4743
3552
3313
6986
9476
8619
8869
3218
4762
7016
3834
4760
6838
8202
5373
7470
6651
4595
8786
8724
8637
9537
6862
7307
8293
7109
6664
7134
5631
7201
4686
9213
9522
5591
8803
4938
3350
9636
9777
9812
4524
8407
7764
7532
5032
4845
6216
7426
6054
4365
8774
5173
4067
4890
9202
4144
4098
5385
3404
5851
5409
7045
6420
6117
4197
5807
7343
3992
7406
5601
8560
4859
6853
4494
9345
8609
5632
5503
8417
5041
4840
5997
5846
7249
5948
4262
5795
6192
3224
3386
4877
8053
7615
8947
7031
4621
3527
7073
8549
7775
5622
9196
8358
5225
5886
3361
4410
5827
5785
9976
5986
6552
7212
3960
4504
4561
7835
7509
6896
7152
7718
6735
1577
7036
5621
3542
2940
2674
2921
3298
3758
5326
4963
7135
7216
6800
4424
5848
6812
6418
5615
4626
5071
4950
7094
6152
3356
9429
5996
3364
6841
5468
5512
6513
5542
6213
6146
5031
4285
7669
9663
8449
4747
6458
6182
4528
3874
3564
3251
5840
4854
2324
2190
9343
7157
1173
2469
3903
9393
5744
5494
4168
4921
6373
3115
5402
6201
3700
3287
3126
8251
5730
5599
5075
4553
6982
6845
7388
7225
8208
6485
6515
4710
4838
3067
5913
4507
9436
6306
4480
3888
8418
5107
5745
6654
5469
4059
6311
8598
8435
5966
8761
9762
3949
4469
4344
7416
3703
4482
7155
5465
6001
3474
4807
5421
7248
1879
5436
5790
3
1729
930
1438
1049
808
6517
6314
1312
685
8991
4112
6516
8023
3682
4124
3358
6385
6338
5194
8162
8785
4468
7346
8564
3368
4185
4949
4059
4455
3220
4060
3246
4961
5386
8939
6580
5606
9316
8194
5257
6468
5992
4833
4091
5502
4784
4664
4441
8626
6824
4439
5061
8757
3805
8910
5900
4727
8720
6601
6174
6470
3806
3922
5841
4217
5407
5050
8625
5427
4817
5340
4568
7035
7886
9721
4342
5672
4203
6436
4116
6189
5131
4113
8588
413
4068
6659
2716
2752
3406
4621
7534
4124
3052
9943
6178
6843
7550
6328
3686
3453
7691
3572
4104
6570
5076
5391
3362
5732
5731
3340
4985
8758
4300
6644
9768
4974
5591
4745
4559
4689
4643
2913
7246
8580
5874
7819
4040
3776
5778
7648
6424
6430
4078
7229
3922
5791
9461
3679
7096
6335
2052
3225
7629
8375
550
4293
5155
282
2746
2728
2813
5171
10632
4380
6760
4259
7233
3056
3257
3712
2977
7453
5388
3311
7540
4246
8322
6351
9955
5259
5853
7103
2739
6342
7607
5078
3349
3738
5202
8802
3554
3958
3204
5860
4477
3997
3642
5812
7309
6011
5814
7653
3628
3336
2913
4567
4147
6003
8385
5201
7908
5248
3823
7616
3246
4284
6232
7760
3229
5126
141
4637
4293
5508
2666
2834
3398
3256
4670
4821
3913
3027
3799
3128
3040
5969
5864
4815
5834
5093
2908
10059
2764
5331
5448
3929
4127
6035
5759
4755
8804
4366
8571
6821
5968
6773
3819
6204
6788
5113
4867
6072
9719
6913
4358
5712
5231
8905
5353
2931
3468
6715
5032
6927
7915
6712
9383
4055
5359
8541
6871
7559
7399
6927
7369
8747
5102
10621
6344
5258
5072
7120
4184
4543
6476
7895
2863
5664
2878
4103
10160
10160
5211
5340
3525
5448
6622
3551
7640
6327
10635
7947
6579
3203
8625
3925
3837
4943
2976
7730
5532
8384
5034
5682
5285
4733
4636
2739
5217
4088
9487
2931
3196
6768
4681
6214
5758
4051
8539
4360
6840
5959
5914
7662
4596
5123
4207
3705
4630
4443
4146
6886
3976
4348
3987
6930
4301
3018
3387
4778
6253
4526
5737
4818
10251
4062
2897
3088
3770
3325
7495
10389
3212
5151
5284
5484
3452
6575
5610
6674
4135
5254
5899
5788
3574
4083
3047
3610
5724
3048
6092
5198
9764
8577
4968
6804
3643
2877
6004
3303
7558
5118
4350
6543
7692
6027
6027
5354
8810
4519
8481
3694
8750
3551
4461
5033
6023
4919
4920
9769
4649
3914
6421
9463
5996
6714
2903
5480
3483
3268
5097
4058
4018
10194